0.7 -107.5809654695
0.8 -108.4223755453
0.9 -108.8431785655
1.0 -109.0358415744
1.1 -109.1071841754
1.2 -109.1176591269
1.3 -109.1016987852
1.4 -109.0785152216
1.5 -109.0582392610
1.6 -109.0457196995
1.7 -109.0429517338
1.8 -109.0505291677
1.9 -109.0684030853
2.0 -109.0962251716
2.1 -109.1334923241
2.2 -109.1796150886
2.3 -109.2339593339
2.4 -109.2958754267
2.5 -109.3647182239
2.6 -109.4398610537
2.7 -109.5207056942
2.8 -109.6066907127
2.9 -109.6972969916
3.0 -109.7920500656
3.1 -109.8905180174
3.2 -109.9923056241
3.3 -110.0970462161
3.4 -110.2043932192
3.5 -110.3140135996
3.6 -110.4255842535
3.7 -110.5387921867
3.8 -110.6533374095
3.9 -110.7689379581
4.0 -110.8853353761
4.1 -111.0022993024
4.2 -111.1196303677
4.3 -111.2371614647
4.4 -111.3547565260
4.5 -111.4723093835
4.6 -111.5897389539
4.7 -111.7069870124
4.8 -111.8240140493
4.9 -111.9407965732
5.0 -112.0573234904
5.1 -112.1735949652
5.2 -112.2896184421
5.3 -112.4054081709
5.4 -112.5209833543
5.5 -112.6363667422
5.6 -112.7515832989
5.7 -112.8666592709
5.8 -112.9816210142
5.9 -113.0964944343
6.0 -113.2113042722
