0.7 -107.4601436275
0.8 -108.2775849211
0.9 -108.6731461154
1.0 -108.8381145671
1.1 -108.8781560761
1.2 -108.8526604491
1.3 -108.7952635880
1.4 -108.7247466940
1.5 -108.6511351706
1.6 -108.5793768522
1.7 -108.5116604279
1.8 -108.4488093584
1.9 -108.3910214380
2.0 -108.3382085984
2.1 -108.2901413008
2.2 -108.2465165833
2.3 -108.2069987282
2.4 -108.1712459134
2.5 -108.1389256538
2.6 -108.1097216822
2.7 -108.0833359079
2.8 -108.0594887186
2.9 -108.0379194820
3.0 -108.0183875889
3.1 -108.0006736884
3.2 -107.9845804883
3.3 -107.9699326784
3.4 -107.9565759419
3.5 -107.9443751318
3.6 -107.9332120092
3.7 -107.9229827931
3.8 -107.9135958504
3.9 -107.9049696483
4.0 -107.8970311067
4.1 -107.8897143116
4.2 -107.8829595945
4.3 -107.8767128006
4.4 -107.8709248195
4.5 -107.8655510401
4.6 -107.8605511946
4.7 -107.8558888705
4.8 -107.8515312568
4.9 -107.8474487965
5.0 -107.8436149279
5.1 -107.8400058194
5.2 -107.8366000841
5.3 -107.8333785630
5.4 -107.8303241104
5.5 -107.8274214053
5.6 -107.8246567845
5.7 -107.8220180752
5.8 -107.8194944661
5.9 -107.8170763552
6.0 -107.8147552306
