0.7 -107.5915759687
0.8 -108.4316179674
0.9 -108.8501063661
1.0 -109.0390697495
1.1 -109.1047155174
1.2 -109.1067504076
1.3 -109.0788768959
1.4 -109.0397750938
1.5 -108.9993606326
1.6 -108.9625883647
1.7 -108.9317619511
1.8 -108.9077296022
1.9 -108.8903114029
2.0 -108.8785083971
2.1 
2.2 
2.3 
2.4 -108.8613054893
2.5 
2.6 
2.7 -108.8587046531
2.8 -108.8582900275
2.9 -108.8579783812
3.0 -108.8577373744
3.1 -108.8575467823
3.2 -108.8573935600
3.3 -108.8572689851
3.4 -108.8571669727
3.5 -108.8570830774
3.6 -108.8570139080
3.7 -108.8569567903
3.8 -108.8569095738
3.9 -108.8568705168
4.0 -108.8568382086
4.1 -108.8568115086
4.2 -108.8567894938
4.3 -108.8567714113
4.4 -108.8567566384
4.5 -108.8567446510
4.6 -108.8567349999
4.7 -108.8567272950
4.8 -108.8567211959
4.9 
5.0 
5.1 
5.2 
5.3 
5.4 
5.5 
5.6 
5.7 
5.8 
5.9 
6.0 
