0.7 -7.6391252554
0.8 -7.7634277187
0.9 -7.8494932198
1.0 -7.9083111845
1.1 -7.9479238338
1.2 -7.9741592859
1.3 -7.9910640007
1.4 -8.0013498332
1.5 -8.0068654074
1.6 -8.0089278855
1.7 -8.0085061652
1.8 -8.0063216463
1.9 -8.0029120475
2.0 -7.9986780651
2.1 -7.9939193133
2.2 -7.9888615820
2.3 -7.9836768103
2.4 -7.9784972958
2.5 -7.9734256396
2.6 -7.9685416998
2.7 -7.9639074877
2.8 -7.9595705744
2.9 -7.9555662885
3.0 -7.9519188810
3.1 -7.9486419007
3.2 -7.9457382001
3.3 -7.9432001052
3.4 -7.9410102311
3.5 -7.9391431620
3.6 -7.9375678481
3.7 -7.9362503018
3.8 -7.9351561010
3.9 -7.9342523486
4.0 -7.9335089515
4.1 -7.9328992683
4.2 -7.9324002754
4.3 -7.9319924201
4.4 -7.9316593037
4.5 -7.9313872950
4.6 -7.9311651381
4.7 -7.9309835814
4.8 -7.9308350512
4.9 -7.9307133646
5.0 -7.9306134867
