0.7 -7.6287479616
0.8 -7.7538266233
0.9 -7.8406206991
1.0 -7.9001142434
1.1 -7.9402989277
1.2 -7.9669617095
1.3 -7.9841465682
1.4 -7.9945828512
1.5 -8.0001352471
1.6 -8.0021321987
1.7 -8.0015495249
1.8 -7.9991117611
1.9 -7.9953571641
2.0 -7.9906852586
2.1 -7.9853930075
2.2 -7.9797019946
2.3 -7.9737783917
2.4 -7.9677473574
2.5 -7.9617033285
2.6 -7.9557173915
2.7 -7.9498426710
2.8 -7.9441184139
2.9 -7.9385732003
3.0 -7.9332275538
3.1 -7.9280960796
3.2 -7.9231892139
3.3 -7.9185146096
3.4 -7.9140782094
3.5 -7.9098849825
3.6 -7.9059394027
3.7 -7.9022456772
3.8 -7.8988078070
3.9 -7.8956295403
4.0 -7.8927142621
4.1 -7.8900649150
4.2 -7.8876838845
4.3 -7.8855729468
4.4 -7.8837332143
4.5 -7.8821650937
4.6 -7.8808682564
4.7 -7.8798415004
4.8 -7.8790827862
4.9 -7.8785889665
5.0 -7.8783557711
