0.7 -7.5962233960
0.8 -7.7231879903
0.9 -7.8120340966
1.0 -7.8735692755
1.1 -7.9156086995
1.2 -7.9437491739
1.3 -7.9619587514
1.4 -7.9730414037
1.5 -7.9789886825
1.6 -7.9812286570
1.7 -7.9807941206
1.8 -7.9784367570
1.9 -7.9747065036
2.0 -7.9700075884
2.1 -7.9646384186
2.2 -7.9588201452
2.3 -7.9527172158
2.4 -7.9464522113
2.5 -7.9401165897
2.6 -7.9337784841
2.7 -7.9274883796
2.8 -7.9212832767
2.9 -7.9151898048
3.0 -7.9092266344
3.1 -7.9034064260
3.2 -7.8977374494
3.3 -7.8922249222
3.4 -7.8868720660
3.5 -7.8816808690
3.6 -7.8766525588
3.7 -7.8717878300
3.8 -7.8670868939
3.9 -7.8625494293
4.0 -7.8581745095
4.1 -7.8539605547
4.2 -7.8499053403
4.3 -7.8460060635
4.4 -7.8422594582
4.5 -7.8386619374
4.6 -7.8352097484
4.7 -7.8318991147
4.8 -7.8287263627
4.9 -7.8256880157
5.0 -7.8227808541
