0.7 -7.6391015275
0.8 -7.7634138686
0.9 -7.8494853745
1.0 -7.9083067937
1.1 -7.9479212022
1.2 -7.9741573915
1.3 -7.9910623271
1.4 -8.0013481617
1.5 -8.0068636553
1.6 -8.0089260255
1.7 -8.0085041935
1.8 -8.0063195613
1.9 -8.0029098513
2.0 -7.9986757626
2.1 -7.9939169126
2.2 -7.9888591030
2.3 -7.9836742922
2.4 -7.9784948085
2.5 -7.9734232974
2.6 -7.9685396874
2.7 -7.9639060931
2.8 -7.9595702318
2.9 -7.9555676335
3.0 -7.9519228120
3.1 -7.9486496409
3.2 -7.9457513168
3.3 -7.9432205209
3.4 -7.9410401605
3.5 -7.9391849383
3.6 -7.9376237563
3.7 -7.9363223829
3.8 -7.9352459532
3.9 -7.9343610009
4.0 -7.9336368256
4.1 -7.9330461700
4.2 -7.9325654667
4.3 
4.4 
4.5 
4.6 -7.9313892388
4.7 
4.8 
4.9 
5.0 
